year	month	m1_12	m24_36	m48_60	m61_120
1952	1	0.00214	0.00501	0.00706	0.00377
1952	2	0.00142	0.00174	0.00216	-0.00202
1952	3	0.00218	0.0038	0.00605	0.00726
1952	4	0.00137	0.00249	0.00598	0.00566
1952	5	0.00103	0.00061	0.00089	0.00173
1952	6	0.00087	-0.00021	-0.00247	-0.00366
1952	7	0.00138	5e-05	-0.0022	-0.00315
1952	8	0.00129	0.00022	1e-04	-0.00172
1952	9	0.00203	0.00141	-1e-04	0.00029
1952	10	0.00199	0.00278	3e-05	0.00701
1952	11	0.00077	6e-05	0.00231	0.00154
1952	12	0.00206	0.00119	0.00236	0.00187
1953	1	0.00216	0.00278	0.00143	-8e-05
1953	2	0.00103	0.00055	-0.00074	1e-04
1953	3	0.00154	0.00145	-0.00316	-0.00131
1953	4	0.00039	-7e-04	-0.00658	-0.00908
1953	5	0.00121	-0.00335	-0.00914	-0.01218
1953	6	0.00386	0.00568	0.01508	0.01467
1953	7	0.00245	0.00457	0.00468	0.00653
1953	8	0.00252	0.00287	-0.00076	-0.00076
1953	9	0.00402	0.00523	0.016	0.0184
1953	10	0.00374	0.00848	0.00619	0.0076
1953	11	0.00137	0.00183	0.00139	-0.00142
1953	12	0.00236	0.00255	0.00898	0.01649
1954	1	0.00389	0.01031	0.01025	0.00263
1954	2	0.00067	0.00457	0.00824	0.01013
1954	3	0.00138	0.00166	0.00428	0.00739
1954	4	0.00286	0.00299	0.00495	0.0116
1954	5	-0.00022	0.00045	-0.00702	-0.01405
1954	6	0.0012	0.00469	0.00793	0.0126
1954	7	0.00152	0.00145	0.00122	0.00056
1954	8	-0.00079	0.00096	7e-05	-8e-04
1954	9	0.00048	-0.00259	-0.00156	-0.00016
1954	10	0.00049	-0.00041	-0.00115	-0.00134
1954	11	5e-05	0.00195	-0.00037	-0.00113
1954	12	0.00074	0.00089	-0.00121	-0.00038
1955	1	-0.00024	-0.00258	-0.00179	-0.00377
1955	2	4e-05	-0.00429	-0.00819	-0.00554
1955	3	0.00166	0.0015	0.0026	0.00271
1955	4	0.00048	0.00017	-0.00071	-0.00022
1955	5	0.0017	0.00256	0.00136	0.00231
1955	6	0.00106	-0.00026	-0.00358	-0.00479
1955	7	0.00027	-0.00119	-0.00137	-0.00772
1955	8	0.00084	-0.00181	-0.00282	0.00145
1955	9	0.00158	0.00475	0.0052	0.00842
1955	10	0.00206	0.00415	0.00817	0.00765
1955	11	4e-04	-0.00326	-0.00365	-0.00535
1955	12	0.00116	0.00069	-0.00038	0.00025
1956	1	0.00361	0.00719	0.00718	0.01095
1956	2	0.00158	0.00119	-0.00043	0.00102
1956	3	0.00174	-0.00408	-0.00529	-0.01299
1956	4	0.00032	-0.00405	-0.00423	0.00039
1956	5	0.0035	0.00878	0.00811	0.01184
1956	6	0.00287	0.00405	0.00608	0.00081
1956	7	0.00136	-0.00365	-0.00933	-0.01146
1956	8	0.00096	-0.00336	-0.01039	-0.00865
1956	9	0.0019	0.00178	0.00448	0.00626
1956	10	0.00326	0.00485	0.00365	-0.00255
1956	11	0.0011	-0.0046	-0.00518	-0.00378
1956	12	0.00193	0.00402	0.00464	-0.00108
1957	1	0.00416	0.01012	0.01491	0.02374
1957	2	0.00131	-0.00104	-0.00245	-0.00125
1957	3	0.00307	0.00546	0.00241	0.00177
1957	4	0.00198	0.00071	-0.00271	-0.01012
1957	5	0.00228	-5e-05	-0.00316	-0.0017
1957	6	0.0014	-0.00158	-0.00536	-0.01061
1957	7	0.00286	0.00112	0.00168	-0.0015
1957	8	0.00222	0.00503	0.00441	0.01092
1957	9	0.00275	0.00054	0.00088	0.00025
1957	10	0.0038	0.00518	0.00719	0.00428
1957	11	0.00559	0.02129	0.0318	0.03958
1957	12	0.00509	0.01439	0.02454	0.02155
1958	1	0.0068	0.00772	0.00423	0.00338
1958	2	0.00238	0.00995	0.01212	0.01386
1958	3	0.00207	0.00351	0.00397	0.00684
1958	4	0.00257	0.00812	0.01136	0.01144
1958	5	0.0028	0.00417	0.0054	0.00517
1958	6	-0.00033	-0.00173	-0.0117	-0.00817
1958	7	-9e-05	-0.0023	-0.01014	-0.01398
1958	8	-0.00389	-0.02225	-0.03257	-0.03511
1958	9	0.00104	-0.00112	0.00043	0.00042
1958	10	0.00374	0.00186	0.00376	0.00405
1958	11	0.00156	0.00687	0.01279	0.01004
1958	12	0.00297	0.00094	-0.00584	-0.01487
1959	1	0.00098	-0.00118	-0.00168	-0.00057
1959	2	0.00259	0.00444	0.008	0.00818
1959	3	0.00262	-0.00021	-0.00537	-0.00398
1959	4	0.00208	8e-05	-0.00412	-0.00986
1959	5	0.00198	0.00035	-0.00106	0.00075
1959	6	0.00251	-0.00148	-0.00646	-0.00438
1959	7	0.00263	0.00392	0.00685	0.00329
1959	8	0.00142	-0.00344	-0.00862	-0.00955
1959	9	0.00203	-0.00022	0.00103	0.00149
1959	10	0.00656	0.01468	0.01648	0.0208
1959	11	0.00097	-0.00621	-0.00543	-0.00657
1959	12	0.0038	-0.00085	0.00276	-0.00964
1960	1	0.00596	0.01019	0.00616	0.01275
1960	2	0.00258	0.0052	0.0062	0.01152
1960	3	0.00764	0.02241	0.02827	0.03195
1960	4	0.00185	-0.00616	-0.01108	-0.00932
1960	5	0.00371	0.00424	0.00766	0.0028
1960	6	0.0074	0.01849	0.02374	0.0238
1960	7	0.00292	0.01577	0.02317	0.02898
1960	8	0.00227	0.00032	-0.00074	-0.00313
1960	9	0.00219	0.00514	0.00188	0.00565
1960	10	0.00331	0.00284	0.00179	-0.00242
1960	11	0.00131	-0.0034	-0.00875	-0.00565
1960	12	0.00424	0.01385	0.0243	0.02082
1961	1	0.00218	-0.00424	-0.00996	-0.0062
1961	2	0.00057	0.00318	0.00831	0.00895
1961	3	0.00307	0.0061	0.00167	0.00248
1961	4	0.00249	0.004	0.00878	0.00591
1961	5	0.00231	-0.0019	-0.00152	-0.00184
1961	6	0.00235	0.00021	-0.00693	-0.00294
1961	7	0.00337	0.00358	0.00092	-0.00118
1961	8	0.00122	0.00042	-0.00346	0.00234
1961	9	0.00277	0.0056	0.0087	0.01078
1961	10	0.00252	0.00531	0.00411	0.00354
1961	11	0.002	0.00122	0.00104	-0.00065
1961	12	0.00171	0.00094	-0.00076	0.00302
1962	1	0.00324	0.00152	0.00078	-0.00347
1962	2	0.00282	0.0091	0.01438	0.01299
1962	3	0.0034	0.0062	0.00901	0.01084
1962	4	0.00245	0.00203	0.002	0.00302
1962	5	0.00273	0.00519	0.00287	0.00189
1962	6	0.00105	-0.00217	-0.00618	-0.00245
1962	7	0.00243	0.00217	0.00148	0.00053
1962	8	0.00311	0.00923	0.01306	0.01063
1962	9	0.00296	0.00359	0.00557	0.0044
1962	10	0.00292	0.00343	0.00597	0.00655
1962	11	0.00178	0.00093	0.00606	0.00475
1962	12	0.00226	0.00261	0.00465	0.00639
1963	1	0.00296	0.00435	1e-05	0.00118
1963	2	0.00279	0.00285	0.00172	-0.00098
1963	3	0.00162	0.00205	0.00169	0.00229
1963	4	0.00278	0.00073	0.00245	0.0033
1963	5	0.00193	0.00232	0.00089	0.00168
1963	6	0.00247	0.00276	0.00059	0.00025
1963	7	0.0026	-0.0011	-2e-05	0.0029
1963	8	0.0021	0.00234	0.00102	8e-05
1963	9	0.00281	0.00338	0.0032	0.00286
1963	10	0.00254	0.00139	0.00107	-0.00025
1963	11	0.00228	0.00204	0.00264	0.00569
1963	12	0.00326	0.00154	0.00011	0.00042
1964	1	0.0033	0.00356	0.00497	0.00173
1964	2	0.00208	0.00103	0.00015	5e-05
1964	3	0.00325	0.00112	-0.00089	0.00055
1964	4	0.00402	0.00539	0.00523	0.00525
1964	5	0.00283	0.00426	0.00586	0.00622
1964	6	0.00338	0.00584	0.00531	0.0072
1964	7	0.00292	0.00514	0.00491	0.00217
1964	8	0.00244	0.00187	0.00179	0.0018
1964	9	0.00299	0.00178	0.00143	0.0055
1964	10	0.00258	0.00292	0.00319	0.00301
1964	11	0.00139	-3e-05	-0.00036	6e-04
1964	12	0.00406	0.00657	0.00656	0.00353
1965	1	0.00292	0.00373	0.0037	0.00504
1965	2	0.00224	8e-04	0.00038	8e-04
1965	3	0.004	0.00337	0.00459	0.00516
1965	4	0.00307	0.00327	0.00257	0.0031
1965	5	0.00274	0.00328	0.0024	0.00263
1965	6	0.00384	0.00538	0.00386	0.00533
1965	7	0.00312	0.00234	0.00172	0.00178
1965	8	0.00265	0.00118	0.00153	-0.00076
1965	9	0.00223	-0.00028	-0.00077	-0.00122
1965	10	0.00307	0.00275	5e-04	-0.00013
1965	11	0.00283	0.00116	0.00189	-0.00021
1965	12	0.00155	-0.00849	-0.01331	-0.01128
1966	1	0.00427	0.00482	0.00107	-0.00216
1966	2	0.0029	0.00112	-0.00213	-0.01072
1966	3	0.0049	0.00907	0.01168	0.02147
1966	4	0.00323	0.00188	0.00282	-0.00064
1966	5	0.00339	0.00093	-0.00207	0.00072
1966	6	0.0043	0.00209	-0.00105	-0.00318
1966	7	0.003	0.0024	-0.0024	-0.00524
1966	8	0.00173	-0.00799	-0.01283	-0.01011
1966	9	0.00519	0.01287	0.01345	0.02422
1966	10	0.00512	0.00643	0.007	0.00707
1966	11	0.00463	0.00301	0.00205	0.00028
1966	12	0.00635	0.01509	0.02434	0.02944
1967	1	0.00576	0.01038	0.01086	0.01176
1967	2	0.00281	-0.001	0.00043	-0.00414
1967	3	0.00651	0.01785	0.01807	0.01968
1967	4	0.00349	-0.00348	-0.00736	-0.01092
1967	5	0.0038	0.00398	0.00079	0.00514
1967	6	4e-04	-0.00983	-0.01995	-0.02395
1967	7	0.00324	0.0079	0.01118	0.01256
1967	8	0.00357	-0.00334	-0.00357	-0.0029
1967	9	0.00332	0.00389	0.00279	0.00203
1967	10	0.00346	-0.00349	-0.00751	-0.01361
1967	11	0.00248	0.00394	0.00055	0.00015
1967	12	0.00391	0.00095	0.00233	0.00891
1968	1	0.00717	0.01314	0.01532	0.01419
1968	2	0.00312	0.00132	0.00369	0.00228
1968	3	0.00396	0.00134	-0.002	-0.00341
1968	4	0.00307	0.00164	0.00064	0.00093
1968	5	0.00374	0.00456	0.00265	0.00413
1968	6	0.00595	0.00857	0.01519	0.01147
1968	7	0.00641	0.01319	0.01983	0.01901
1968	8	0.00415	0.00553	0.00152	0.00573
1968	9	0.00435	0.00304	0.00474	0.00288
1968	10	0.00314	0.00211	0.00091	-0.00088
1968	11	0.00325	0.00244	-0.00084	-0.00088
1968	12	0.00177	-0.01277	-0.01695	-0.0204
1969	1	0.00622	0.00825	0.00455	0.00777
1969	2	0.00447	-0.00343	-0.00623	-1e-05
1969	3	0.0055	0.01152	0.00234	0.00786
1969	4	0.00577	0.00603	0.01212	0.0043
1969	5	0.00194	-0.00593	-0.00616	-0.00852
1969	6	-5e-05	-0.00751	-0.00967	-0.00622
1969	7	0.00669	0.00212	-0.00586	0.00862
1969	8	0.00519	0.00501	-0.0015	-0.00433
1969	9	0.0043	-0.00896	-0.01843	-0.03328
1969	10	0.00848	0.02122	0.03327	0.04156
1969	11	0.00283	-0.00135	-0.00529	-0.00598
1969	12	0.00549	-0.00843	-0.01699	-0.01763
1970	1	0.00839	0.00997	0.00205	-0.00583
1970	2	0.01288	0.02847	0.04449	0.04517
1970	3	0.00688	0.01098	0.00798	0.00775
1970	4	0.00288	-0.0103	-0.02019	-0.02928
1970	5	0.00615	0.00517	0.01075	0.01412
1970	6	0.00811	0.01078	0.0087	0.00672
1970	7	0.00865	0.01286	0.01369	0.01503
1970	8	0.00654	0.00953	0.01141	0.01139
1970	9	0.00713	0.01548	0.01811	0.01717
1970	10	0.0069	0.00995	0.01025	0.01235
1970	11	0.01251	0.03298	0.04658	0.04807
1970	12	0.00541	0.00307	0.00479	0.00991
1971	1	0.00618	0.01926	0.014	0.01293
1971	2	0.00716	0.01397	0.02015	0.01999
1971	3	0.00265	0.01071	0.01883	0.02408
1971	4	-0.00091	-0.0208	-0.03265	-0.03553
1971	5	0.00218	-0.00015	0.00085	-0.00468
1971	6	0.00012	-0.01279	-0.02125	-0.02146
1971	7	0.00366	0.00641	0.00376	0.00325
1971	8	0.00995	0.03088	0.04114	0.04683
1971	9	0.00442	0.00602	0.00447	0.01307
1971	10	0.00667	0.01551	0.0184	0.01651
1971	11	0.00363	0.00308	0.00546	0.00235
1971	12	0.00582	0.0106	0.0161	0.01459
1972	1	0.0048	0.00284	-0.00686	-0.00486
1972	2	0.00388	0.00627	0.00725	0.00744
1972	3	-0.00014	-0.00882	-0.01133	-0.00527
1972	4	0.0049	0.01176	0.0141	0.01119
1972	5	0.00413	0.00905	0.00926	0.00897
1972	6	0.00137	-0.00384	-0.00415	-0.00183
1972	7	0.00587	0.00805	0.00592	0.00513
1972	8	4e-04	-0.00178	-0.00365	-0.00455
1972	9	0.00347	0.00328	0.00606	0.00391
1972	10	0.0053	0.00522	0.0043	0.00806
1972	11	0.00495	0.00773	0.00908	0.01156
1972	12	0.00253	-0.00033	0.0011	-0.00085
1973	1	0.00337	-0.00085	-0.00696	-5e-05
1973	2	0.00357	-0.00226	-0.0065	-0.0051
1973	3	0.0027	0.00025	0.00264	-0.00133
1973	4	0.00646	0.00876	0.00943	0.00733
1973	5	0.00377	0.00422	0.00537	0.00167
1973	6	0.00232	-0.00044	-0.00076	0.00269
1973	7	0.00255	-0.015	-0.03098	-0.02957
1973	8	0.00867	0.01709	0.0274	0.02686
1973	9	0.01353	0.02356	0.02631	0.02591
1973	10	0.00777	0.005	0.00377	0.00834
1973	11	0.00332	0.00604	0.00661	0.00648
1973	12	0.0068	0.00448	0.00289	0.00453
1974	1	0.00721	0.00621	0.00369	-0.00271
1974	2	0.00494	0.00323	0.00187	0.00565
1974	3	-0.00146	-0.01347	-0.02188	-0.02443
1974	4	0.00426	-0.00401	-0.01305	-0.01818
1974	5	0.00919	0.01118	0.01265	0.0116
1974	6	0.00611	0.00097	-0.00477	-0.0024
1974	7	0.00698	0.00288	0.00298	-0.00302
1974	8	0.00358	0.00386	0.00138	-0.00354
1974	9	0.01579	0.0209	0.02926	0.03009
1974	10	0.0069	0.0107	0.00958	0.01743
1974	11	0.00665	0.01623	0.02328	0.02111
1974	12	0.00882	0.01009	0.01736	0.01982
1975	1	0.01019	0.01487	0.00735	0.00572
1975	2	0.00629	0.01422	0.01831	0.01189
1975	3	0.00388	-0.00341	-0.00902	-0.00864
1975	4	0.00322	-0.00947	-0.01637	-0.01675
1975	5	0.00975	0.02107	0.02701	0.0224
1975	6	0.00101	0.00106	-0.00075	0.00546
1975	7	0.00356	-0.00388	-0.00419	-0.00239
1975	8	0.00492	0.00614	8e-04	-0.00173
1975	9	0.00563	-0.00086	0.00014	-0.00676
1975	10	0.01253	0.02949	0.03507	0.03554
1975	11	0.00402	0.00028	-0.00141	-0.00172
1975	12	0.00786	0.01757	0.01963	0.02449
1976	1	0.00769	0.01103	0.00742	0.00673
1976	2	0.00202	-1e-05	0.00614	0.00776
1976	3	0.00566	0.00895	0.00869	0.01053
1976	4	0.00487	0.00815	0.00868	0.00721
1976	5	0.001	-0.00851	-0.01122	-0.00848
1976	6	0.00742	0.01406	0.01559	0.01313
1976	7	0.00669	0.01046	0.01191	0.00874
1976	8	0.0063	0.01166	0.01547	0.01679
1976	9	0.0052	0.01032	0.01286	0.01318
1976	10	0.00593	0.01138	0.01543	0.01623
1976	11	0.00729	0.02043	0.03086	0.03248
1976	12	0.00462	0.00521	0.00435	0.01286
1977	1	0.00143	-0.01269	-0.0232	-0.02616
1977	2	0.00496	0.00735	0.0054	0.00295
1977	3	0.00501	0.00681	0.00736	0.00672
1977	4	0.00375	0.00524	0.0044	0.00526
1977	5	0.00293	0.00491	0.00764	0.00842
1977	6	0.0052	0.00819	0.01225	0.01456
1977	7	0.00211	-0.00375	-0.00645	-0.00625
1977	8	0.00487	0.0052	0.00785	0.01196
1977	9	0.00344	0.00047	0.00043	-0.00156
1977	10	0.00419	-0.00131	-0.00541	-0.00674
1977	11	0.00606	0.00818	0.00946	0.00982
1977	12	0.00491	0.00284	-0.00325	-0.00662
1978	1	0.00499	0.0014	0.00049	-0.00284
1978	2	0.00534	0.00305	0.00121	-0.00029
1978	3	0.00573	0.00459	0.00408	0.00194
1978	4	0.00484	0.00298	0.00293	0.00146
1978	5	0.00473	0.00124	-0.00142	-0.00391
1978	6	0.00461	-0.00109	-0.0026	-0.00426
1978	7	0.00706	0.00857	0.00961	0.01021
1978	8	0.00593	0.00876	0.00817	0.0123
1978	9	0.00397	0.00366	0.00447	-9e-05
1978	10	0.00383	-0.01055	-0.01677	-0.0149
1978	11	0.00594	0.00718	0.01407	0.01162
1978	12	0.00506	-0.00456	-0.00962	-0.01118
1979	1	0.01125	0.01685	0.02133	0.02232
1979	2	0.00686	0.00299	-0.00665	-0.00579
1979	3	0.00918	0.00821	0.01123	0.01123
1979	4	0.00745	0.00387	0.00325	2e-05
1979	5	0.00908	0.01567	0.0187	0.02249
1979	6	0.00996	0.01759	0.01891	0.02218
1979	7	0.00583	0.00122	-0.00033	-0.00515
1979	8	0.00497	-0.00287	-0.00532	-0.0069
1979	9	0.00511	6e-05	-0.00234	-0.00501
1979	10	0.00063	-0.0305	-0.04809	-0.06261
1979	11	0.0167	0.03196	0.03734	0.03974
1979	12	0.00794	0.00465	0.00995	0.01054
1980	1	0.00843	-0.00134	-0.01406	-0.02919
1980	2	-0.00293	-0.04898	-0.05783	-0.07354
1980	3	0.00619	0.0082	0.01617	0.02233
1980	4	0.03515	0.0933	0.10059	0.10923
1980	5	0.02118	0.03478	0.03801	0.04148
1980	6	0.00795	0.00814	0.01259	0.01888
1980	7	0.00473	-0.00381	-0.01529	-0.02213
1980	8	-0.00396	-0.02732	-0.04601	-0.04219
1980	9	0.00459	-0.00075	0.00163	-0.00672
1980	10	0.00361	-0.00802	-0.01651	-0.02328
1980	11	0.00212	-0.00411	-0.00365	0.00332
1980	12	0.01656	0.03001	0.03418	0.02867
1981	1	0.00784	0.00392	0.00234	-0.00218
1981	2	0.01114	-0.00504	-0.01743	-0.02698
1981	3	0.01924	0.02427	0.02127	0.02378
1981	4	0.00087	-0.01822	-0.02382	-0.03422
1981	5	0.00887	0.01486	0.02628	0.04111
1981	6	0.01592	0.01329	0.00399	-0.00444
1981	7	0.00599	-0.01194	-0.02045	-0.02604
1981	8	0.01046	0.00089	-0.01309	-0.02358
1981	9	0.01702	0.00685	0.00363	0.00118
1981	10	0.0189	0.04755	0.06289	0.05987
1981	11	0.02754	0.05966	0.0682	0.10062
1981	12	0.00068	-0.02135	-0.02875	-0.04181
1982	1	0.00674	0.00371	0.00435	0.00341
1982	2	0.01137	0.01287	0.0118	0.02326
1982	3	0.01012	0.0081	0.01185	0.00203
1982	4	0.01421	0.02103	0.03053	0.02835
1982	5	0.01378	0.01858	0.01411	0.01598
1982	6	0.00439	-0.01047	-0.01763	-0.02219
1982	7	0.02038	0.03802	0.04001	0.05039
1982	8	0.01978	0.0358	0.04363	0.0553
1982	9	0.01283	0.02536	0.03668	0.04395
1982	10	0.01138	0.03399	0.04037	0.05623
1982	11	0.00801	0.01302	0.00813	0.00435
1982	12	0.00956	0.01608	0.02094	0.02578
1983	1	0.00727	0.00563	0.00233	-0.00543
1983	2	0.00805	0.01558	0.0242	0.03436
1983	3	0.00387	-0.00101	-0.00424	-0.00588
1983	4	0.0097	0.01757	0.02212	0.02539
1983	5	0.00489	-0.00423	-0.0105	-0.01693
1983	6	0.0059	0.00365	-1e-05	0.00081
1983	7	0.00474	-0.00693	-0.01948	-0.02825
1983	8	0.00885	0.00678	0.00531	0.00454
1983	9	0.01183	0.0229	0.02896	0.03519
1983	10	0.0086	0.0076	0.00523	-0.00035
1983	11	0.00696	0.00847	0.00973	0.0132
1983	12	0.00677	0.00492	0.00332	-0.00028
1984	1	0.00972	0.01468	0.01789	0.01954
1984	2	0.00596	0.00108	-0.00479	-0.0095
1984	3	0.00503	-0.00271	-0.00615	-0.01433
1984	4	0.00889	0.00532	0.00163	-0.003
1984	5	0.00448	-0.01255	-0.02759	-0.04048
1984	6	0.00943	0.00766	0.01041	0.01296
1984	7	0.01121	0.02461	0.04017	0.05515
1984	8	0.00936	0.01003	0.01088	0.0136
1984	9	0.01139	0.01797	0.02103	0.02661
1984	10	0.01459	0.02948	0.03904	0.04789
1984	11	0.01278	0.0206	0.01927	0.01807
1984	12	0.00993	0.01655	0.01539	0.01175
1985	1	0.00811	0.01343	0.02024	0.02882
1985	2	0.00315	-0.00655	-0.01649	-0.02728
1985	3	0.00892	0.01345	0.01593	0.02137
1985	4	0.0106	0.01803	0.02275	0.02212
1985	5	0.01236	0.03229	0.04707	0.0677
1985	6	0.00723	0.01139	0.01096	0.00759
1985	7	0.00517	0.00186	-0.00067	-0.00578
1985	8	0.00805	0.01225	0.01594	0.02273
1985	9	0.00653	0.00915	0.00867	0.00769
1985	10	0.00681	0.01281	0.01813	0.02287
1985	11	0.00703	0.01355	0.01968	0.02729
1985	12	0.00725	0.01754	0.02791	0.04189
1986	1	0.00646	0.0067	0.00604	0.00225
1986	2	0.00646	0.01362	0.02685	0.05101
1986	3	0.0093	0.02229	0.02975	0.04356
1986	4	0.00697	0.00619	0.00667	0.00396
1986	5	0.00423	-0.00544	-0.01968	-0.02823
1986	6	0.00726	0.01818	0.02715	0.03712
1986	7	0.00645	0.01186	0.0137	0.0101
1986	8	0.00841	0.02042	0.02813	0.03366
1986	9	0.00385	-0.00404	-0.0132	-0.0205
1986	10	0.00515	0.01108	0.01646	0.01724
1986	11	0.0042	0.00745	0.01146	0.0138
1986	12	0.00356	0.00167	0.0026	0.00261
1987	1	0.00553	0.00784	0.00898	0.01133
1987	2	0.0043	0.00481	0.00464	0.0064
1987	3	0.00441	0.00085	-0.00247	-0.00854
1987	4	0.00295	-0.01225	-0.02265	-0.03065
1987	5	0.00406	-0.00027	-0.00427	-0.00614
1987	6	0.00722	0.01214	0.01259	0.01229
1987	7	0.00585	0.00397	0.00168	-0.0031
1987	8	0.00434	-0.00061	-0.00384	-0.00831
1987	9	0.00322	-0.00751	-0.01749	-0.02475
1987	10	0.01037	0.02585	0.03396	0.04179
1987	11	0.00588	0.00739	0.00475	0.00505
1987	12	0.00562	0.0074	0.01119	0.01533
1988	1	0.00694	0.01879	0.02878	0.03697
1988	2	0.00667	0.0089	0.01181	0.01327
1988	3	0.00472	0.00039	-0.0062	-0.01337
1988	4	0.0045	-0.00015	-0.00372	-0.00574
1988	5	0.00375	-0.00297	-0.00814	-0.0101
1988	6	0.00672	0.012	0.01849	0.0253
1988	7	0.0037	-0.00138	-0.00451	-0.00761
1988	8	0.00517	0.00177	-0.00058	0.00039
1988	9	0.00746	0.01334	0.01903	0.02495
1988	10	0.00754	0.0117	0.01623	0.01901
1988	11	0.00317	-0.0062	-0.01326	-0.01627
1988	12	0.00551	0.00099	-0.00202	-0.00116
1989	1	0.00748	0.00907	0.01103	0.01466
1989	2	0.00467	-0.00219	-0.00773	-0.01094
1989	3	0.00691	0.00377	0.00386	0.00684
1989	4	0.00969	0.01827	0.02403	0.02359
1989	5	0.00927	0.01655	0.02079	0.02726
1989	6	0.01037	0.02225	0.0296	0.03447
1989	7	0.00899	0.01757	0.02545	0.02707
1989	8	0.00395	-0.0104	-0.0198	-0.02216
1989	9	0.00592	0.00483	0.00336	0.00254
1989	10	0.00945	0.01891	0.02432	0.02827
1989	11	0.00734	0.00918	0.00986	0.01091
1989	12	0.00561	0.00277	0.00258	-0.00016
1990	1	0.00602	-0.0017	-0.01	-0.01451
1990	2	0.00643	0.00426	0.00149	5e-04
1990	3	0.00567	0.0019	2e-04	4e-05
1990	4	0.0063	0.00064	-0.00505	-0.01121
1990	5	0.00887	0.01807	0.02359	0.02945
1990	6	0.0074	0.01171	0.01433	0.01635
1990	7	0.0081	0.01363	0.0164	0.01559
1990	8	0.00597	0.00153	-0.00675	-0.01653
1990	9	0.00654	0.00872	0.00962	0.00967
1990	10	0.00797	0.01254	0.01623	0.01844
1990	11	0.00686	0.01185	0.01755	0.02448
1990	12	0.00849	0.01319	0.0156	0.01647
1991	1	0.00742	0.00984	0.00942	0.0116
1991	2	0.00609	0.00622	0.00579	0.00591
1991	3	0.00579	0.00494	0.00257	0.00237
1991	4	0.0068	0.01053	0.01162	0.01073
1991	5	0.00512	0.00677	0.00611	0.00485
1991	6	0.00446	0.00202	-0.00249	-0.00439
1991	7	0.00625	0.01024	0.01384	0.01356
1991	8	0.00682	0.01689	0.02253	0.02563
1991	9	0.00642	0.01324	0.02017	0.02608
1991	10	0.00611	0.01224	0.01348	0.01129
1991	11	0.00586	0.01137	0.01327	0.01155
1991	12	0.00723	0.01917	0.02706	0.03863
1992	1	0.00308	-0.00419	-0.01276	-0.02176
1992	2	0.00305	0.00278	0.00169	0.00466
1992	3	0.00315	-0.00298	-0.00614	-0.00767
1992	4	0.00526	0.01016	0.01017	0.00679
1992	5	0.00382	0.01186	0.01791	0.02076
1992	6	0.00449	0.01347	0.01806	0.01876
1992	7	0.00533	0.01502	0.02306	0.02815
1992	8	0.00403	0.01081	0.01371	0.01221
1992	9	0.00466	0.0122	0.01764	0.01895
1992	10	0.00038	-0.00956	-0.01756	-0.01777
1992	11	0.00216	-0.00339	-0.00739	-0.00494
1992	12	0.00416	0.01126	0.014	0.01704
1993	1	0.0037	0.01325	0.0255	0.02422
1993	2	0.0032	0.01187	0.01755	0.02157
1993	3	0.00316	0.00405	0.00447	0.00549
1993	4	0.00288	0.00736	0.00947	0.00791
1993	5	0.00115	-0.00393	-0.00345	-0.00109
1993	6	0.00378	0.00948	0.01714	0.02387
1993	7	0.00262	0.00167	0.00076	0.00268
1993	8	0.00385	0.01145	0.01962	0.02211
1993	9	0.00295	0.00316	0.00381	0.00676
1993	10	0.00216	0.00201	0.00214	0.00201
1993	11	0.00276	-0.00103	-0.00715	-0.01228
1993	12	0.00292	0.00402	0.0032	0.00486
1994	1	0.00384	0.00723	0.01278	0.01387
1994	2	0.00018	-0.00917	-0.01833	-0.02358
1994	3	0.00142	-0.00863	-0.01919	-0.02472
1994	4	0.00171	-0.00597	-0.01	-0.00887
1994	5	0.00303	0.00088	0.00102	-2e-05
1994	6	0.00393	0.00225	-0.00116	-0.0029
1994	7	0.00432	0.01001	0.01537	0.01776
1994	8	0.0043	0.00334	0.003	0.00238
1994	9	0.00258	-0.00472	-0.01244	-0.01594
1994	10	0.0044	0.00158	-0.00096	-0.00254
1994	11	0.00197	-0.00604	-0.00655	-0.00234
1994	12	0.00389	0.00116	0.00334	0.0064
1995	1	0.00727	0.01625	0.01792	0.01897
1995	2	0.00693	0.01679	0.02356	0.02595
1995	3	0.00523	0.00557	0.00623	0.00625
1995	4	0.00551	0.00992	0.01316	0.015
1995	5	0.0076	0.02309	0.03679	0.04589
1995	6	0.00536	0.00606	0.00755	0.00943
1995	7	0.00495	0.00252	-0.00201	-0.00577
1995	8	0.00507	0.00699	0.00935	0.01242
1995	9	0.00418	0.0051	0.00657	0.01012
1995	10	0.00541	0.00973	0.01262	0.01524
1995	11	0.00518	0.01088	0.01571	0.01824
1995	12	0.00541	0.00833	0.0101	0.01392
1996	1	0.00533	0.00935	0.00982	0.0074
1996	2	0.00339	-0.00622	-0.01366	-0.02238
1996	3	0.00309	-0.00385	-0.00889	-0.01046
1996	4	0.00435	-0.00043	-0.00544	-0.00957
1996	5	0.00433	0.00094	-0.00308	-0.00385
1996	6	0.00421	0.00756	0.01152	0.01325
1996	7	0.00459	0.00416	0.00236	0.00231
1996	8	0.00536	0.00262	-0.00044	-0.00326
1996	9	0.00543	0.01097	0.01535	0.01936
1996	10	0.00537	0.01392	0.02003	0.02578
1996	11	0.00461	0.00894	0.01406	0.02063
1996	12	0.0041	-0.0022	-0.00895	-0.01485
1997	1	0.00473	0.00463	0.00374	0.00171
1997	2	0.00386	0.00125	-6e-04	0.00014
1997	3	0.00359	-0.00254	-0.00791	-0.01417
1997	4	0.00538	0.00931	0.01258	0.0153
1997	5	0.00545	0.00723	0.0082	0.01011
1997	6	0.00501	0.00809	0.00995	0.01294
1997	7	0.0053	0.01421	0.02293	0.03114
1997	8	0.00373	-0.00154	-0.00735	-0.01275
1997	9	0.00565	0.00979	0.01382	0.01786
1997	10	0.0047	0.00837	0.01361	0.01774
1997	11	0.00349	0.00133	-0.00015	0.00224
1997	12	0.00556	0.00838	0.01105	0.01282
1998	1	0.00538	0.01196	0.01631	0.01861
1998	2	0.00347	-6e-04	-0.00413	-0.00411
1998	3	0.00493	0.00373	0.00356	0.0023
1998	4	0.00479	0.00458	0.00419	0.00414
1998	5	0.00421	0.00554	0.00617	0.00892
1998	6	0.00495	0.00581	0.00803	0.0101
1998	7	0.00472	0.0048	0.0037	0.003
1998	8	0.00621	0.01853	0.02844	0.03269
1998	9	0.00642	0.01574	0.02584	0.03575
1998	10	0.00409	0.00469	0.00263	-0.00458
1998	11	0.00286	-0.00209	-0.00674	-0.0045
1998	12	0.00401	0.00291	0.00229	0.0049
1999	1	0.00362	0.00387	0.00493	0.00425
1999	2	0.00216	-0.00908	-0.02226	-0.02893
1999	3	0.00528	0.0078	0.00847	0.00657
1999	4	0.00379	0.00265	0.00241	0.00324
1999	5	0.00287	-0.00397	-0.01133	-0.01422
1999	6	0.00427	0.00384	0.00302	0.00041
1999	7	0.00388	0.0019	-0.00124	-0.00288
1999	8	0.00378	0.00324	0.00201	0.00072
1999	9	0.00504	0.00731	0.00952	0.01002
1999	10	0.00341	0.00073	-0.00201	-0.00107
1999	11	0.00365	0.00133	-0.00022	-0.00102
1999	12	0.00418	0.00014	-0.00405	-0.00677
2000	1	0.004	-0.00286	-0.00518	-0.00384
2000	2	0.00478	0.0071	0.00829	0.00844
2000	3	0.00492	0.008	0.01566	0.02188
2000	4	0.00438	0.00096	-0.00263	-0.00411
2000	5	0.00525	0.00471	0.00503	0.00502
2000	6	0.0062	0.01202	0.01726	0.01689
2000	7	0.00505	0.00645	0.00634	0.00766
2000	8	0.0057	0.00957	0.01271	0.01419
2000	9	0.00521	0.00846	0.0095	0.00705
2000	10	0.00517	0.00593	0.00697	0.00833
2000	11	0.00602	0.01131	0.01592	0.01895
2000	12	0.00688	0.0146	0.02135	0.02105
2001	1	0.00856	0.01415	0.01289	0.01245
2001	2	0.00423	0.00776	0.00956	0.0109
2001	3	0.00535	0.00807	0.00846	0.00683
2001	4	0.00463	0.00102	-0.0067	-0.00962
2001	5	0.00508	0.00541	0.003	0.00385
2001	6	0.00254	0.00305	0.00229	0.00259
2001	7	0.00481	0.01467	0.02157	0.02205
2001	8	0.00348	0.00837	0.01061	0.011
2001	9	0.00655	0.02078	0.02474	0.02182
2001	10	0.00502	0.01374	0.01852	0.02102
2001	11	0.00167	-0.00869	-0.01682	-0.01862
2001	12	0.00214	-0.00276	-0.00776	-0.00768
2002	1	0.00089	0.00385	0.00345	0.00468
2002	2	0.00208	0.00697	0.01103	0.00968
2002	3	-0.00029	-0.01155	-0.02114	-0.02134
2002	4	0.00439	0.01489	0.02152	0.02189
2002	5	0.00181	0.00646	0.01074	0.00871
2002	6	0.00259	0.01047	0.01557	0.01443
2002	7	0.00255	0.01762	0.02726	0.02298
2002	8	0.00117	0.00851	0.0156	0.01552
2002	9	0.00282	0.01293	0.02798	0.02539
2002	10	0.00165	0.00155	-0.00343	-0.00554
2002	11	0.00099	-0.00834	-0.01736	-0.01361
2002	12	0.00189	0.01515	0.02645	0.02496
2003	1	0.00086	9e-05	-0.00525	-0.0041
2003	2	0.00113	0.00779	0.01595	0.01512
2003	3	0.00152	0.00229	2e-04	-0.00114
2003	4	0.00086	0.0021	0.00181	0.00196
2003	5	0.00082	0.00903	0.02406	0.02181
2003	6	0.0019	0.00143	-0.00246	-0.00244
2003	7	3e-04	-0.01061	-0.02864	-0.03203
2003	8	4e-04	-0.00301	-0.00418	-0.00057
2003	9	0.00212	0.01608	0.03138	0.02967
2003	10	0.00029	-0.00683	-0.01384	-0.01333
2003	11	0.00044	-0.00209	-0.00138	0.00033
2003	12	0.00206	0.00813	0.01031	0.00872
